1 3712924 0.997632 3712923 0.997632 1.47808
20000 1891476 0.508224 1871476 0.50285 0.908052
40000 1677389 0.450701 1637389 0.439953 0.826047
60000 1533344 0.411997 1473344 0.395875 0.756044
80000 1422366 0.382178 1342366 0.360683 0.70204
100000 1331288 0.357706 1231288 0.330837 0.670038
120000 1254638 0.337111 1134638 0.304868 0.619035
140000 1188743 0.319406 1048743 0.281789 0.595034
160000 1131435 0.304007 971435 0.261017 0.563033
180000 1080567 0.29034 900567 0.241975 0.540031
200000 1036025 0.278371 836025 0.224633 0.52303
220000 995535 0.267492 775535 0.20838 0.495028
240000 958446 0.257527 718446 0.193041 0.479027
260000 926381 0.248911 666381 0.179051 0.463027
280000 895955 0.240736 615955 0.165502 0.442025
300000 869524 0.233634 569524 0.153026 0.429025
320000 846336 0.227404 526336 0.141422 0.420024
340000 822861 0.221096 482861 0.129741 0.409023
360000 799817 0.214904 439817 0.118175 0.394023
380000 780050 0.209593 400050 0.10749 0.385022
400000 765898 0.205791 365898 0.0983138 0.379021
420000 753291 0.202403 333291 0.0895526 0.368021
440000 740620 0.198999 300620 0.0807741 0.367021
460000 727470 0.195465 267470 0.071867 0.354021
480000 714294 0.191925 234294 0.0629529 0.34802
500000 700991 0.188351 200991 0.0540046 0.340019
520000 687567 0.184744 167567 0.0450239 0.331019
540000 674046 0.181111 134046 0.0360171 0.321019
560000 661165 0.17765 101165 0.0271822 0.315018
580000 649043 0.174393 69043 0.0185513 0.303018
600000 638282 0.171501 38282 0.0102861 0.303017
620000 630392 0.169381 10392 0.00279225 0.294017
