1 3712924 0.997632 3712923 0.997632 0.023002
20000 1807158 0.485569 1787158 0.480195 156.333
40000 1603998 0.430981 1563998 0.420233 276.513
60000 1457584 0.391641 1397584 0.375519 372.963
80000 1341931 0.360566 1261931 0.339071 453.39
100000 1245417 0.334633 1145417 0.307764 522.807
120000 1162423 0.312334 1042423 0.280091 573.269
140000 1092211 0.293468 952211 0.255851 618.305
160000 1031458 0.277144 871458 0.234154 651.38
180000 978599 0.262942 798599 0.214577 679.362
200000 932370 0.25052 732370 0.196782 709.209
220000 892092 0.239698 672092 0.180586 729.913
240000 856759 0.230204 616759 0.165718 732.054
260000 825720 0.221864 565720 0.152004 733.437
280000 798637 0.214587 518637 0.139354 734.975
300000 774576 0.208122 474576 0.127515 733.462
320000 753399 0.202432 433399 0.116451 727.809
340000 734201 0.197274 394201 0.105919 720.757
360000 717420 0.192765 357420 0.0960358 707.917
380000 702682 0.188805 322682 0.086702 691.397
400000 689653 0.185304 289653 0.0778274 672.349
420000 678582 0.182329 258582 0.0694789 651.734
440000 668562 0.179637 228562 0.0614127 628.416
460000 660176 0.177384 200176 0.0537857 599.782
480000 652869 0.175421 172869 0.0464485 574.709
500000 646511 0.173712 146511 0.0393663 544.541
520000 641520 0.172371 121520 0.0326514 516.689
540000 637299 0.171237 97299 0.0261434 479.75
560000 633363 0.170179 73363 0.019712 445.431
580000 630904 0.169519 50904 0.0136775 404.277
600000 629241 0.169072 29241 0.00785682 362.679
620000 628422 0.168852 8422 0.00226292 318.56
