1 3712924 0.997632 3712923 0.997632 2.00511
20000 1808487 0.485926 1788487 0.480552 270.276
40000 1602856 0.430674 1562856 0.419927 445.042
60000 1457224 0.391544 1397224 0.375423 525.766
80000 1338068 0.359528 1258068 0.338033 550.7
100000 1240507 0.333314 1140507 0.306445 551.768
120000 1158666 0.311324 1038666 0.279081 598.345
140000 1087522 0.292208 947522 0.254591 628.819
160000 1027705 0.276136 867705 0.233145 652.501
180000 976619 0.26241 796619 0.214045 674.096
200000 931862 0.250384 731862 0.196645 687.212
220000 890913 0.239381 670913 0.180269 709.159
240000 854693 0.229649 614693 0.165163 702.906
260000 822759 0.221069 562759 0.151209 673.93
280000 796021 0.213884 516021 0.138651 665.087
300000 771552 0.20731 471552 0.126702 661.336
320000 750299 0.201599 430299 0.115618 645.241
340000 730948 0.1964 390948 0.105045 626.829
360000 714045 0.191858 354045 0.095129 670.209
380000 698669 0.187727 318669 0.0856238 634.914
400000 685424 0.184168 285424 0.0766911 579.387
420000 674277 0.181173 254277 0.0683221 520.252
440000 664430 0.178527 224430 0.0603025 479.464
460000 656940 0.176514 196940 0.0529162 426.412
480000 649852 0.17461 169852 0.0456378 383.084
500000 643873 0.173003 143873 0.0386575 330.687
520000 639007 0.171696 119007 0.0319762 279.678
540000 636398 0.170995 96398 0.0259014 230.793
560000 632519 0.169953 72519 0.0194853 181.033
580000 630754 0.169478 50754 0.0136372 129.999
600000 629109 0.169036 29109 0.00782135 77.5264
620000 628422 0.168852 8422 0.00226292 23.3163
