1 3712924 0.997632 3712923 0.997632 1.46608
20000 1792739 0.481694 1772739 0.47632 281.348
40000 1581520 0.424941 1541520 0.414194 573.447
60000 1432752 0.384969 1372752 0.368847 809.06
80000 1315835 0.353554 1235835 0.332059 1005.68
100000 1219610 0.327699 1119610 0.30083 1175.08
120000 1139073 0.30606 1019073 0.273817 1318.74
140000 1070369 0.287599 930369 0.249983 1376.09
160000 1011376 0.271748 851376 0.228758 1425.98
180000 960135 0.25798 780135 0.209616 1458.9
200000 915452 0.245974 715452 0.192236 1394.14
220000 876427 0.235489 656427 0.176377 1368.06
240000 842258 0.226308 602258 0.161822 1358.37
260000 811994 0.218176 551994 0.148316 1354.09
280000 785668 0.211103 505668 0.135869 1278.31
300000 762241 0.204808 462241 0.1242 1246.46
320000 741644 0.199274 421644 0.113292 1141.26
340000 723670 0.194444 383670 0.103089 1079.8
360000 707889 0.190204 347889 0.0934749 1014.22
380000 694124 0.186505 314124 0.0844025 912.971
400000 682026 0.183255 282026 0.0757781 802.153
420000 671622 0.180459 251622 0.0676088 675.739
440000 662655 0.17805 222655 0.0598256 575.111
460000 654897 0.175965 194897 0.0523672 465.426
480000 648381 0.174215 168381 0.0452426 391.023
500000 642889 0.172739 142889 0.0383931 308.144
520000 638352 0.17152 118352 0.0318002 252.033
540000 634749 0.170552 94749 0.0254583 192.905
560000 632035 0.169823 72035 0.0193552 147.418
580000 630156 0.169318 50156 0.0134765 100.58
600000 628937 0.16899 28937 0.00777514 59.1654
620000 628369 0.168838 8369 0.00224868 17.57
