1 3712924 0.997632 3712923 0.997632 2.09112
20000 1891433 0.508213 1871433 0.502839 1.36608
40000 1678163 0.450909 1638163 0.440161 1.24107
60000 1534308 0.412256 1474308 0.396134 1.17007
80000 1421596 0.381971 1341596 0.360476 1.09006
100000 1329220 0.357151 1229220 0.330281 1.03306
120000 1251334 0.336223 1131334 0.30398 1.01206
140000 1183567 0.318015 1043567 0.280398 0.959055
160000 1125963 0.302537 965963 0.259546 0.934053
180000 1072866 0.28827 892866 0.239906 0.927053
200000 1025227 0.27547 825227 0.221732 0.88105
220000 983742 0.264323 763742 0.205211 0.846049
240000 945271 0.253987 705271 0.189501 0.819047
260000 909961 0.244499 649961 0.174639 0.804046
280000 878679 0.236094 598679 0.16086 0.758043
300000 849149 0.228159 549149 0.147552 0.730042
320000 822828 0.221087 502828 0.135106 0.70404
340000 798719 0.214609 458719 0.123254 0.69404
360000 776627 0.208673 416627 0.111944 0.648037
380000 755631 0.203032 375631 0.100929 0.627036
400000 737486 0.198156 337486 0.0906797 0.606035
420000 719868 0.193423 299868 0.0805721 0.584033
440000 704359 0.189255 264359 0.0710311 0.568033
460000 690263 0.185468 230263 0.0618698 0.53903
480000 677489 0.182036 197489 0.0530637 0.52003
500000 666194 0.179001 166194 0.044655 0.499029
520000 656051 0.176276 136051 0.0365558 0.483027
540000 647576 0.173998 107576 0.0289048 0.466027
560000 640417 0.172075 80417 0.0216074 0.449025
580000 634888 0.170589 54888 0.014748 0.424024
600000 630785 0.169487 30785 0.00827168 0.415024
620000 628566 0.168891 8566 0.00230161 0.405023
